metrics for greengrape model

TP: 60
FP: 0
FN: 10
TN: 50
accuracy: 0.9166666666666666
false positive rate: 0.0
false negative rate: 0.14285714285714285

